place(-16.195, 4.040, 41.827, "Scout", 150)
upgrade(-16.195, 5.390, 41.827, 50)
upgrade(-16.195, 5.390, 41.827, 200)
place(-13.102, 4.040, 41.914, "Scout", 150)
place(-13.102, 4.040, 41.914, "Scout", 150)
upgrade(-13.102, 5.390, 41.914, 50)
upgrade(-13.102, 5.390, 41.914, 200)
place(-9.931, 4.040, 41.969, "Scout", 150)
upgrade(-9.931, 5.390, 41.969, 50)
upgrade(-9.931, 5.390, 41.969, 200)
place(-6.800, 4.040, 41.932, "Scout", 150)
upgrade(-6.800, 5.390, 41.932, 50)
upgrade(-6.800, 5.390, 41.932, 200)
place(-16.353, 4.040, 38.774, "Scout", 150)
place(-13.231, 4.040, 38.855, "Scout", 150)
place(-10.189, 4.040, 38.806, "Scout", 150)
place(-7.161, 4.040, 38.932, "Scout", 150)
place(-16.264, 4.040, 35.700, "Scout", 150)
place(-13.205, 4.040, 35.593, "Scout", 150)
place(-9.933, 4.040, 35.636, "Scout", 150)
place(-10.127, 4.040, 35.744, "Scout", 150)
place(-6.872, 4.040, 35.706, "Scout", 150)
upgrade(-7.161, 5.390, 38.932, 50)
upgrade(-7.161, 5.390, 38.932, 200)
upgrade(-10.189, 5.390, 38.806, 50)
upgrade(-10.189, 5.390, 38.806, 200)
upgrade(-13.231, 5.390, 38.855, 50)
upgrade(-13.231, 5.390, 38.855, 200)
upgrade(-16.353, 5.390, 38.774, 50)
upgrade(-16.353, 5.390, 38.774, 200)
upgrade(-6.872, 5.390, 35.706, 50)
upgrade(-6.872, 5.390, 35.706, 200)
upgrade(-10.127, 5.390, 35.744, 50)
upgrade(-10.127, 5.390, 35.744, 200)
upgrade(-13.205, 5.390, 35.593, 50)
upgrade(-13.205, 5.390, 35.593, 200)
upgrade(-16.264, 5.390, 35.700, 50)
upgrade(-16.264, 5.390, 35.700, 200)
upgrade(-16.195, 5.390, 41.827, 950)
upgrade(-13.102, 5.390, 41.914, 950)
upgrade(-9.931, 5.390, 41.969, 950)
upgrade(-6.800, 5.390, 41.932, 950)
upgrade(-16.353, 5.390, 38.774, 950)
upgrade(-13.231, 5.390, 38.855, 950)
upgrade(-10.189, 5.390, 38.806, 950)
upgrade(-6.872, 5.390, 35.706, 950)
upgrade(-7.161, 5.390, 38.932, 950)
place(-11.613, 4.040, 47.522, "Demoman", 575)
upgrade(-11.613, 5.390, 47.522, 150)
upgrade(-11.613, 5.390, 47.522, 475)
place(-14.653, 4.040, 47.592, "Demoman", 575)
upgrade(-14.653, 5.390, 47.592, 150)
upgrade(-14.653, 5.390, 47.592, 475)
place(-17.695, 4.040, 47.405, "Demoman", 575)
place(-17.731, 4.040, 47.371, "Demoman", 575)
upgrade(-17.731, 5.390, 47.371, 150)
upgrade(-17.731, 5.390, 47.371, 475)
place(-5.394, 4.040, 44.615, "Demoman", 575)
upgrade(-5.394, 5.390, 44.615, 150)
upgrade(-5.394, 5.390, 44.615, 475)
place(5.115, 10.567, 29.329, "Sniper", 300)
upgrade(5.115, 11.917, 29.329, 150)
upgrade(5.115, 11.917, 29.329, 500)
place(4.786, 10.567, 37.039, "Sniper", 300)
place(7.839, 10.567, 37.150, "Sniper", 300)
place(5.002, 10.567, 40.106, "Sniper", 300)
place(8.049, 10.567, 40.194, "Sniper", 300)
place(5.252, 10.567, 43.133, "Sniper", 300)
place(8.298, 10.567, 43.281, "Sniper", 300)
upgrade(4.786, 11.917, 37.039, 150)
upgrade(5.002, 11.917, 40.106, 150)
upgrade(5.252, 11.917, 43.133, 150)
upgrade(8.298, 11.917, 43.281, 150)
upgrade(8.049, 11.917, 40.194, 150)
upgrade(7.839, 11.917, 37.150, 150)
upgrade(4.786, 11.917, 37.039, 500)
upgrade(5.002, 11.917, 40.106, 500)
upgrade(7.839, 11.917, 37.150, 500)
upgrade(8.049, 11.917, 40.194, 500)
upgrade(8.298, 11.917, 43.281, 500)
upgrade(5.252, 11.917, 43.133, 500)
upgrade(-5.394, 5.390, 44.615, 1650)
upgrade(-14.653, 5.390, 47.592, 1650)
upgrade(-11.613, 5.390, 47.522, 1650)
upgrade(-17.731, 5.390, 47.371, 1650)
upgrade(-6.800, 5.390, 41.932, 2500)
upgrade(-9.931, 5.390, 41.969, 2500)
upgrade(-13.102, 5.390, 41.914, 2500)
upgrade(-16.195, 5.390, 41.827, 2500)
upgrade(-7.161, 5.390, 38.932, 2500)
upgrade(-10.127, 5.390, 35.744, 950)
upgrade(-13.205, 5.390, 35.593, 950)
upgrade(-16.264, 5.390, 35.700, 950)
upgrade(-10.189, 5.390, 38.806, 2500)
upgrade(-13.231, 5.390, 38.855, 2500)
upgrade(-16.353, 5.390, 38.774, 2500)
upgrade(-6.872, 5.390, 35.706, 2500)
upgrade(-10.127, 5.390, 35.744, 2500)
upgrade(-13.205, 5.390, 35.593, 2500)
upgrade(-16.264, 5.390, 35.700, 2500)
upgrade(-11.613, 5.390, 47.522, 6250)
upgrade(-5.394, 5.390, 44.615, 6250)
upgrade(-14.653, 5.390, 47.592, 6250)
upgrade(-17.731, 5.390, 47.371, 6250)
place(-3.623, 4.000, 35.350, "Demoman", 575)
upgrade(-3.623, 5.350, 35.350, 150)
upgrade(-3.623, 5.350, 35.350, 475)
upgrade(-3.623, 5.350, 35.350, 1650)
upgrade(-3.623, 5.350, 35.350, 6250)
place(-3.835, 4.040, 38.367, "Demoman", 575)
upgrade(-3.835, 5.390, 38.367, 150)
upgrade(-3.835, 5.390, 38.367, 475)
upgrade(-3.835, 5.390, 38.367, 1650)
upgrade(-3.835, 5.390, 38.367, 6250)
